9231799
9231803
9231807
9231811
9231817
9231821
9231830
9231919
9231981
9232017
9232056
9232066
9232069
9232072
9232075
9232097
9232107
9232115
9232187
9232222
9232226
9232255
9232269
9232289
9232307
9232323
9232356
9232394
9232428
9232456
9232486
9232501
9232505
9232509
9232515
9232529
9232554
9232558
9232576
9232583
9232640
9232659
9232671
9232677
9232694
9232712
9232731
9232751
9232780
9232785
9232873
9232877
9232991
9233100
9233211
9233323
9233444
9233558
9233667
9233777
9233828
9233835
9233864
9233873
9233888
9233891
9233907
9233912
9233922
9233951
9233964
9233983
9234025
9234037
9234143
9234179
9234208
9234217
9234246
9234268
9234273
9234276
9234286
9234298
9234303
9234310
9234331
9234343
9234363
9234412
9234448
9234494
9234611
9234659
9234664
9234677
9234684
9234694
9234711
9234714
9234771
9234826
9234921
9234959
9234977
9234990
9235248
9235274
9235317
9235326
9235340
9235377
9235385
9235412
9235448
9238389
9238430
9238458
9238472
9238542
9238636
9238658
9238681
9238698
9238708
9238760
9238764
9238818
9238832
9238838
9238848
9238856
9238861
9238864
9238904
9238950
9238960
9238987
9238992
9238999
9239005
9239031
9239068
9239123
9239333
